3.553626e-10
1.066088e-09
1.776813e-09
2.487539e-09
3.198264e-09
3.908989e-09
4.619714e-09
5.330440e-09
6.041165e-09
6.751890e-09
7.462616e-09
8.173341e-09
8.884066e-09
9.594791e-09
1.030552e-08
1.101624e-08
1.172697e-08
1.243769e-08
1.314842e-08
1.385914e-08
1.456987e-08
1.528059e-08
1.599132e-08
1.670204e-08
1.741277e-08
1.812349e-08
1.883422e-08
1.954495e-08
2.025567e-08
2.096640e-08
2.167712e-08
2.238785e-08
2.309857e-08
2.380930e-08
2.452002e-08
2.523075e-08
2.594147e-08
2.665220e-08
2.736292e-08
2.807365e-08
2.878437e-08
2.949510e-08
3.020582e-08
3.091655e-08
3.162728e-08
3.233800e-08
3.304873e-08
3.375945e-08
3.447018e-08
3.518090e-08
3.589163e-08
3.660235e-08
3.731308e-08
3.802380e-08
3.873453e-08
3.944525e-08
4.015598e-08
4.086670e-08
4.157743e-08
4.228815e-08
4.299888e-08
4.370961e-08
4.442033e-08
4.513106e-08
